lastAccountName: CF12
timestamps:
  login: 1608856000871
  lastteleport: 1608855797430
  logout: 1608855992342
ipAddress: 172.18.0.1
lastlocation:
  world: world_the_end
  x: -46.2433496085099
  y: 23.54204687669942
  z: 45.100983062965
  yaw: 115.04597
  pitch: -40.199245
logoutlocation:
  world: world
  x: -254.5466029223353
  y: 76.02442408821369
  z: 7.827627360821904
  yaw: 291.67822
  pitch: 53.81046
